<?xml version="1.0"?>
<arts format="ascii" version="1">
<Vector nelem="314">
112650000000
112750000000
112850000000
112950000000
113050000000
113150000000
113250000000
113350000000
113450000000
113550000000
113650000000
113750000000
113850000000
113950000000
114050000000
114150000000
114250000000
114350000000
114450000000
114550000000
114650000000
114750000000
114850000000
116150000000
116250000000
116350000000
116450000000
116550000000
116650000000
116750000000
116850000000
116950000000
117050000000
117150000000
117250000000
117350000000
117450000000
117550000000
117650000000
117750000000
117850000000
117950000000
119550000000
119650000000
119750000000
119850000000
119950000000
120050000000
120150000000
120250000000
120350000000
120450000000
120550000000
120650000000
120750000000
120850000000
120950000000
121050000000
121150000000
121250000000
121350000000
122650000000
122750000000
122850000000
122950000000
123050000000
123150000000
123250000000
123350000000
123450000000
123550000000
123650000000
123750000000
123850000000
123950000000
124050000000
124150000000
124250000000
124350000000
124450000000
124550000000
124650000000
124750000000
124850000000
175860000000
175960000000
176060000000
176160000000
176260000000
176360000000
176460000000
176560000000
176660000000
176760000000
176860000000
176960000000
177060000000
177160000000
177260000000
177360000000
177460000000
177560000000
179710000000
179810000000
179910000000
180010000000
180110000000
180210000000
180310000000
180410000000
180510000000
180610000000
180710000000
180810000000
180910000000
181960000000
182060000000
182160000000
182260000000
182360000000
182460000000
182560000000
182660000000
183960000000
184060000000
184160000000
184260000000
184360000000
184460000000
184560000000
184660000000
185710000000
185810000000
185910000000
186010000000
186110000000
186210000000
186310000000
186410000000
186510000000
186610000000
186710000000
186810000000
186910000000
189060000000
189160000000
189260000000
189360000000
189460000000
189560000000
189660000000
189760000000
189860000000
189960000000
190060000000
190160000000
190260000000
190360000000
190460000000
190560000000
190660000000
190760000000
239100000000
239200000000
239300000000
239400000000
239500000000
239600000000
239700000000
239800000000
239900000000
240000000000
240100000000
240200000000
240300000000
240400000000
240500000000
240600000000
240700000000
240800000000
240900000000
241000000000
241100000000
241200000000
241300000000
241400000000
241500000000
241600000000
241700000000
241800000000
241900000000
242000000000
242100000000
242200000000
242300000000
244100000000
244200000000
244300000000
244400000000
244500000000
244600000000
244700000000
244800000000
244900000000
245000000000
245100000000
245200000000
245300000000
245400000000
245500000000
245600000000
245700000000
245800000000
245900000000
246000000000
246100000000
246200000000
246300000000
246400000000
246500000000
246600000000
246700000000
246800000000
246900000000
247000000000
247100000000
247200000000
247300000000
657700000000
657800000000
657900000000
658000000000
658100000000
658200000000
658300000000
658400000000
658500000000
658600000000
658700000000
658800000000
658900000000
659000000000
659100000000
659200000000
659300000000
659400000000
659500000000
659600000000
659700000000
659800000000
659900000000
660000000000
660100000000
660200000000
660300000000
660400000000
660500000000
660600000000
660700000000
660800000000
660900000000
661000000000
661100000000
661200000000
661300000000
661400000000
661500000000
661600000000
661700000000
661800000000
661900000000
666100000000
666200000000
666300000000
666400000000
666500000000
666600000000
666700000000
666800000000
666900000000
667000000000
667100000000
667200000000
667300000000
667400000000
667500000000
667600000000
667700000000
667800000000
667900000000
668000000000
668100000000
668200000000
668300000000
668400000000
668500000000
668600000000
668700000000
668800000000
668900000000
669000000000
669100000000
669200000000
669300000000
669400000000
669500000000
669600000000
669700000000
669800000000
669900000000
670000000000
670100000000
670200000000
670300000000
</Vector>
</arts>
